# maxneventsperjob:10000000
# tune:14
# beamidA:2212
# beamidB:2212
# eCM:7000.
# switchoffbhadrondecays:true
# pTHatMin:80.0
# ISR:on
# MPI:on
# FSR:on
# jetR:0.4
# trackPtMin:0.0
# trackEtaCut:5.0
# HFPtMin:0.0
# jetPtMin:100.0
# jetEtaMin:-1.9
# jetEtaMax:1.9
# jetAlgorithm:antikt
# jetReclAlgorithm:CA
# process:all
# eventSelection:inclusive
# hadronization:off
# zcut:0.2
# beta:0.0
# qhatL:4.0
# L:4.0
126.353, 104.056
103.178, 92.4624
195.756, 172.521
145.089, 124.906
110.082, 85.0857
101.089, 86.5208
104.535, 95.8335
177.958, 163.993
147.643, 126.278
114.389, 100.93
113.651, 99.8925
117.45, 104.751
112.156, 97.5866
108.541, 88.9481
117.996, 96.6382
213.528, 209.855
184.536, 146.703
183.662, 160.76
132.151, 106.729
154.512, 117.899
134.446, 123.03
141.757, 121.125
123.964, 108.467
143.704, 118.802
101.421, 80.2932
135.589, 121.081
123.948, 97.6417
107.622, 104.264
112.917, 105.488
122.478, 108.482
147.233, 105.945
101.4, 95.8203
107.686, 85.2437
178.618, 166.766
167.923, 141.299
167.986, 155.123
101.558, 98.2086
185.186, 164.028
101.77, 90.8681
104.7, 94.8153
119.088, 112.236
108.49, 88.7546
190.471, 171.887
109.189, 89.0879
113.722, 98.0777
103.924, 76.3681
112.446, 103.381
151.967, 134.42
128.932, 104.549
105.821, 81.4801
301.033, 281.002
263.307, 242.214
205.133, 200.605
160.88, 128.792
128.794, 109.855
109.578, 96.2719
178.676, 142.863
116.073, 94.3622
100.813, 94.5328
144.316, 140.922
124.466, 109.731
111.043, 90.9576
135.367, 121.433
147.419, 131.143
117.832, 95.4353
144.732, 129.624
110.352, 99.2402
153.168, 144.183
120.359, 114.299
103.497, 99.8049
119.718, 87.7718
151.184, 128.01
116.927, 86.7296
109.103, 83.2126
106.042, 75.9412
151.861, 113.408
164.649, 151.02
147.17, 131.244
138.392, 129.678
107.74, 85.1581
105.137, 98.9698
133.641, 115.815
115.473, 86.1795
112.945, 101.777
107.884, 84.5097
114.227, 86.9851
117.703, 101.863
108.199, 92.6547
149, 131.154
133.824, 112.939
112.921, 109.557
111.742, 88.6262
130.461, 111.517
101.382, 77.0355
100.726, 92.9102
150.858, 132.584
110.914, 71.954
140.119, 123.097
124.954, 106.034
106.816, 80.267
103.794, 99.5038
102.375, 83.3113
115.219, 103.082
109.584, 93.9564
153.26, 142.049
152.111, 117.488
102.058, 95.5906
116.586, 85.3587
108.477, 98.9554
103.304, 98.5519
179.185, 133.173
103.273, 92.0155
101.031, 91.1343
117.286, 98.0867
133.963, 115.12
133.241, 99.4602
236.384, 223.897
131.647, 99.3067
136.354, 104
135.91, 120.987
124.045, 88.9954
100.683, 81.4612
108.088, 93.9589
150.605, 136.034
119.616, 102.46
138.359, 124.049
171.225, 158.116
176.167, 159.383
174.779, 142.068
104.709, 91.0423
129.635, 111.008
102.987, 81.5939
135.919, 121.88
110.007, 90.0957
159.894, 141.832
155.213, 135.594
197.915, 182.431
121.58, 95.3569
111.988, 100.882
116.054, 108.014
156.877, 139.068
139.984, 113.497
106.005, 75.0694
181.694, 140.173
146.306, 115.177
207.873, 190.895
117.501, 113.162
140.602, 106.796
126.681, 119.203
136.049, 100.316
121.461, 107.302
118.196, 91.6883
127.646, 121.638
116.464, 111.153
121.871, 118.496
102.86, 90.4227
102.108, 84.5808
141.946, 101.32
114.393, 90.5063
101.988, 96.8877
117.28, 93.6364
119.068, 85.502
128.28, 106.304
115.887, 99.8613
107.311, 76.4715
164.743, 135.941
166.943, 133.84
103.022, 95.1417
110.725, 89.7544
113.457, 94.1875
165.748, 149.361
105.544, 79.6664
102.011, 86.5071
143.444, 131.743
120.493, 90.2315
116.906, 91.8463
101.87, 68.9492
110.186, 92.8771
102.575, 72.1601
104.996, 99.3879
128.368, 113.2
110.629, 99.9359
186.495, 171.079
164.764, 130.057
127.718, 94.1142
110.708, 81.46
167.14, 144.039
160.381, 135.494
107.163, 80.1713
127.298, 119.892
117.53, 98.1497
243.223, 236.93
100.908, 86.3709
117.28, 113.911
137.93, 133.818
114.106, 88.7031
223.072, 187.823
108.839, 66.8596
143.334, 135.244
108.71, 78.0739
100.119, 96.3139
100.313, 92.297
144.006, 131.226
108.748, 77.719
111.839, 103.885
130.966, 115.493
131.414, 101.631
126.053, 113.211
109.624, 89.7802
112.908, 87.3014
105.884, 70.9553
144.127, 129.453
137.747, 112.774
101.937, 83.9341
139.068, 131.943
121.8, 104.975
137.664, 110.139
120.189, 112.137
105.933, 94.7564
205.681, 192.386
151.755, 137.884
150.893, 126.134
107.924, 90.594
109.301, 84.6767
107.37, 71.7166
100.152, 78.1633
112.772, 102.228
100.29, 91.5997
107.186, 83.7354
121.854, 112.033
120.125, 103.899
133.391, 108.049
103.254, 91.1937
114.284, 97.6095
205.865, 193.897
105.769, 86.5925
103.114, 83.9422
106.104, 85.9631
103.59, 95.4442
180.567, 166.482
153.385, 123.24
147.096, 126.549
134.416, 113.113
141.849, 129.856
153.68, 142.209
123.782, 109.043
128.533, 106.967
101.084, 78.0573
177.192, 132.06
164.034, 138.563
141.503, 116.46
114.784, 111.418
152.345, 140.364
100.67, 89.282
189.031, 182.544
154.816, 118.778
108.471, 99.5764
156.47, 146.499
108.468, 105.109
138.255, 123.041
115.663, 97.6471
110.575, 91.2296
100.583, 82.0181
101.769, 84.1556
134.553, 126.197
140.997, 123.839
101.885, 74.4623
111.564, 91.9328
152.815, 130.338
141.525, 121.54
106.175, 99.1764
133.822, 107.365
102.686, 71.7165
107.907, 95.0863
123.837, 116.694
135.525, 125.325
111.254, 65.2809
140.539, 129.942
124.244, 99.9184
128.246, 101.697
118.586, 95.1357
112.27, 103.048
128.936, 123.27
217.694, 183.433
149.289, 116.73
124.356, 109.456
122.049, 113.113
165.199, 133.482
102.515, 99.1647
100.697, 93.3408
114.534, 108.416
137.21, 123.029
198.956, 179.377
190.889, 183.64
101.287, 84.464
123.281, 98.8172
119.637, 99.0348
118.457, 100.875
120.221, 101.125
108.412, 100.516
125.42, 115.504
118.567, 113.331
132.512, 106.9
114.705, 89.7736
114.174, 107.295
142.639, 120.814
122.696, 98.5593
101.645, 79.0186
120.828, 104.764
141.517, 117.231
114.744, 108.885
145.834, 125.56
145.689, 116.157
128.399, 109.01
112.996, 95.4883
124.213, 101.409
293.187, 250.843
216.922, 207.727
102.24, 77.4361
101.11, 93.088
102.65, 78.4178
124.946, 94.4749
155.772, 148.962
127.384, 111.725
103.853, 86.3976
136.171, 106.542
115.086, 99.8188
173.154, 159.847
168.277, 130.234
114.507, 82.8138
136.499, 131.747
118.328, 96.4024
105.534, 95.1584
100.005, 88.7167
108.105, 99.1909
117.345, 78.4832
152.557, 118.978
101.988, 77.5826
102.875, 82.9829
101.343, 96.3474
118.989, 88.8728
110.299, 85.6288
156.597, 127.235
122.068, 99.604
120.184, 91.9621
113.723, 99.3968
101.282, 77.7028
108.878, 91.237
107.802, 74.9162
123.204, 107.328
189.805, 178.954
161.594, 143.167
142.948, 127.043
128.409, 97.0146
106.459, 91.9958
102.536, 76.4613
201.768, 198.342
313.337, 284.17
296.065, 262.53
119.29, 96.9655
109.021, 104.391
128.218, 115.217
113.788, 110.423
127.247, 122.153
116.452, 102.559
106.012, 93.7321
103.922, 78.3706
101.678, 78.5555
127.34, 122.133
107.842, 90.9092
120.432, 106.448
102.592, 99.2418
144.388, 115.286
128.383, 114.685
105.343, 68.4778
181.876, 164.104
153.535, 134.39
147.096, 136.64
110.51, 100.1
110.119, 91.7781
103.105, 85.1048
168.055, 155.634
100.075, 80.1001
124.12, 72.6195
117.956, 101.559
100.787, 85.0052
100.702, 73.2163
110.833, 102.522
103.542, 97.1485
101.061, 91.4964
100.501, 88.8862
150.565, 119.587
118.567, 105.626
129.035, 86.0632
105.312, 83.8954
131.362, 123.831
117.302, 79.9579
134.361, 118.336
112.89, 85.1663
109.699, 82.547
110.847, 80.9485
105.365, 84.2501
130.689, 109.194
104.345, 84.3586
149.895, 143.814
113.684, 83.1533
187.55, 159.489
171.873, 144.669
108.694, 98.2495
124.051, 104.301
109.761, 85.1877
118.955, 101.937
105.018, 85.3022
162.001, 155.165
125.863, 121.193
118.659, 103.848
100.36, 75.48
105.875, 90.7683
148.492, 133.161
124.324, 113.784
130.751, 108.334
146.022, 115.165
129.338, 109.274
131.863, 120.388
118.837, 106.029
115.642, 78.4672
137.217, 126.339
112.877, 80.3415
130.531, 115.352
111.296, 92.9889
120.201, 109.126
103.266, 74.9178
100.122, 61.2495
125.492, 105.239
121.774, 95.4649
100.83, 95.0681
102.378, 97.7323
122.138, 104.998
107.874, 94.0265
110.707, 90.99
131.724, 106.494
139.839, 125.013
111.56, 98.2095
132.509, 122.415
129.1, 93.621
137.441, 113.271
151.01, 141.185
115.908, 101.872
143.829, 101.481
141.422, 130.638
131.347, 109.958
113.326, 95.4167
171.98, 144.59
169.89, 148.847
131.604, 112.022
110.322, 96.3671
103.705, 73.5064
171.276, 132.64
153.585, 144.135
133.358, 108.513
106.505, 87.2452
109.855, 87.5966
109.259, 96.1857
101.767, 86.275
131.758, 121.924
130.617, 99.3763
124.112, 92.4241
104.646, 83.5005
131.501, 109.579
153.056, 131.374
101.336, 74.5116
114.261, 64.9022
133.254, 101.624
161.755, 155.377
137.902, 125.667
101.297, 94.9496
103.165, 71.4515
133.818, 102.213
101.262, 91.2391
137.326, 115.323
104.967, 91.0081
111.087, 95.2169
117.241, 100.062
127.486, 105.408
170.498, 152.551
103.156, 85.2689
127.616, 106.093
125.54, 81.6171
127.619, 101.269
121.781, 86.2026
118.922, 101.451
140.054, 136.258
121.424, 104.199
125.431, 94.9092
208.757, 181.406
202.2, 185.988
100.835, 90.276
116.476, 104.816
102.155, 76.3409
108.592, 94.6378
115.942, 94.0209
165.46, 125.106
162.578, 144.73
102.933, 97.4699
117.982, 103.977
101.522, 72.8663
109.127, 102.179
106.479, 102.12
110.92, 106.089
177.152, 157.623
118.849, 94.6326
115.729, 92.1341
118.623, 81.9276
118.154, 102.135
104.236, 100.711
136.574, 105.089
116.369, 106.032
140.609, 105.054
119.19, 75.11
145.148, 134.925
112.266, 105.821
100.838, 80.7319
119.924, 112.871
100.151, 70.7758
104.274, 86.3901
115.865, 98.3127
102.231, 66.7891
103.063, 83.0738
102.138, 75.2112
126.056, 97.5647
133.603, 96.5222
105.252, 67.7249
165.342, 139.287
100.924, 85.3975
122.622, 111.998
198.944, 179.8
119.967, 92.2127
124.246, 103.854
101.748, 77.5034
101.077, 80.7361
113.534, 83.8444
108.914, 100.527
100.123, 75.7717
153.728, 136.194
115.176, 91.213
140.961, 118.515
127.075, 106.275
132.514, 97.1757
136.773, 112.947
123.933, 80.5708
124.148, 110.065
119.623, 91.056
150.583, 113.949
102.731, 85.4301
196.565, 167.726
139.049, 132.84
102.111, 80.0264
176.992, 148.263
166.011, 158.096
110.174, 101.702
102.774, 82.5183
101.716, 83.6527
240.751, 223.353
108.029, 81.0947
191.546, 175.518
133.816, 116.592
109.14, 88.3556
128.343, 108.568
102.858, 72.3004
100.77, 84.8684
105.038, 72.1663
162.084, 153.637
143.25, 123.099
106.843, 65.7002
102.623, 96.2832
101.03, 95.2884
176.502, 157.526
101.415, 70.993
116.974, 94.9195
119.6, 91.9313
199.084, 175.847
111.2, 100.583
117.264, 85.8346
121.492, 107.228
172.197, 152.916
130.286, 107.167
107.85, 82.2511
101.567, 84.2841
132.249, 114.797
115.096, 94.2428
102.106, 98.7564
111.341, 94.0523
114.393, 90.1559
114.571, 100.683
111.247, 99.3785
104.51, 95.3811
154.031, 128.055
111.333, 103.792
104.383, 84.1756
263.735, 255.821
107.532, 100.684
117.125, 91.4716
104.518, 99.6729
191.16, 186.004
124.882, 110.63
110.638, 102.511
231.444, 206.138
189.997, 155.104
114.667, 105.343
100.229, 89.2917
129.32, 101.915
128.635, 113.932
133.335, 121.138
131.069, 104.796
125.326, 103.297
112.696, 107.194
126.363, 109.231
119.064, 94.2013
115.499, 105.307
105.584, 96.539
177.954, 145.381
125.824, 118.349
129.482, 122.359
114.186, 86.1468
244.083, 238.875
202.149, 198.223
185.657, 153.297
179.591, 144.029
152.961, 124.362
115.254, 100.913
100.679, 93.7898
211.349, 204.01
176.718, 155.204
111.57, 87.2299
109.855, 81.1748
100.271, 87.8635
134.656, 111.359
105.343, 95.7522
101.987, 64.1622
117.711, 105.873
101.984, 80.7506
106.975, 87.8299
140.276, 104.322
156.99, 122.718
122.752, 100.665
148.01, 126.203
118.341, 109.089
104.773, 90.3722
104.352, 63.7127
113.033, 109.086
111.736, 103.379
100.308, 74.952
133.617, 124.355
102.991, 85.3516
147.44, 136.605
108.874, 83.62
104.158, 71.7916
107.262, 99.2902
129.267, 100.983
253.315, 228.644
226.541, 210.583
140.736, 123.529
102.56, 91.0171
115.012, 97.2617
185.574, 177.098
155.904, 118.468
116.541, 107.706
115.591, 83.5373
107.791, 97.1713
149.888, 136.917
222.308, 196.701
110.464, 83.5844
158.109, 149.327
157.419, 130.768
107.17, 95.9649
105.638, 81.6093
114.172, 85.8301
106.859, 77.7895
100.618, 68.259
101.53, 82.1783
107.095, 85.5258
126.083, 92.9437
118.623, 96.9846
136.923, 110.541
100.313, 77.9528
114.666, 103.488
106.131, 91.1722
142.871, 131.263
122.371, 99.1468
147.027, 124.184
133.454, 117.837
115.389, 90.949
100.946, 63.3811
121.957, 89.4768
115.127, 76.609
173.706, 160.415
203.587, 172.667
123.53, 87.2564
220.32, 194.393
139.292, 124.361
113.39, 89.5595
184.609, 153.671
161.312, 133.482
146.649, 122.77
192.725, 170.74
161.276, 150.45
180.355, 154.455
162.077, 155.267
110.004, 84.3541
120.034, 114.504
154.733, 138.013
119.446, 80.2779
166.852, 158.43
158.477, 149.887
117.062, 98.811
108.197, 82.7957
122.73, 96.0218
119.119, 110.272
136.448, 102.373
119.282, 99.0953
108.354, 95.7224
108.594, 73.5069
147.729, 139.356
140.59, 137.198
110.813, 75.6459
107.386, 90.4064
137.107, 129.372
106.631, 77.5891
100.824, 74.5862
129.272, 90.5961
103.692, 95.9067
110.656, 93.6753
105.151, 92.3336
193.965, 155.434
101.448, 76.4414
128.332, 109.247
102.492, 67.1359
120.296, 89.0863
115.333, 106.398
127.519, 118.965
117.762, 111.312
213.276, 180.416
200.557, 178.299
209.045, 194.847
173.567, 146.959
147.864, 101.634
135.882, 89.5583
192.98, 182.491
151.283, 125.163
148.89, 142.741
117.027, 88.18
203.769, 164.798
178.336, 160.385
158.683, 148.292
110.252, 77.7018
133.816, 104.407
109.65, 100.016
135.966, 128.295
102.609, 94.6673
105.168, 98.5615
101.216, 88.2053
123.393, 98.1527
134.739, 118.322
114.378, 105.086
140.924, 103.662
103.809, 86.8182
102.873, 70.3181
210.101, 196.66
129.838, 111.841
169.086, 159.072
143.136, 123.553
208.99, 179.717
137.493, 105.132
108.186, 87.7489
100.812, 58.2548
108.012, 73.7625
104.808, 89.167
104.084, 77.1382
148.002, 121.077
108.153, 84.8481
103.373, 80.862
162.434, 138.625
127.439, 110.934
103.343, 78.6496
100.599, 55.0292
114.69, 99.3126
122.681, 100.214
172.614, 142.309
165.285, 129.398
102.703, 97.2671
105.997, 77.5595
114.904, 98.8048
113.627, 94.1319
215.356, 204.359
108.862, 103.091
106.179, 100.569
108.866, 76.0228
127.741, 121.369
127.625, 116.305
131.887, 115.377
111.62, 93.704
117.537, 103.154
114.666, 98.026
112.154, 106.015
155.879, 123.619
145.725, 96.6948
102.793, 75.9027
179.08, 166.505
107.004, 82.8614
194.943, 186.108
146.562, 130.652
104.64, 88.2114
160.616, 149.889
139.614, 121.28
105.019, 84.2234
109.164, 75.6896
139.045, 120.002
101.918, 98.5683
102.718, 71.4343
125.704, 100.965
113.18, 97.933
104.643, 85.6185
141.159, 114.81
124.457, 109.545
103.135, 74.5837
117.398, 90.8317
100.392, 94.2321
170.11, 149.834
131.218, 98.4057
189.774, 173.17
122.727, 92.87
187.375, 173.981
156.77, 118.465
110.169, 87.415
103.238, 74.6844
113.255, 106.235
108.553, 65.5559
107.411, 88.6031
155.895, 146.87
132.165, 97.2082
100.25, 71.0037
165.114, 136.067
108.027, 100.273
108.131, 97.6202
100.325, 69.4815
101.213, 71.9754
123.938, 110.044
120.656, 86.4501
129.843, 113.163
129.726, 96.238
107.759, 78.8275
166.061, 153.684
120.959, 101.433
120.663, 117.29
107.638, 88.4255
128.77, 104.421
106.556, 82.7909
105.9, 97.9949
123.393, 100.815
121.762, 113.98
106.776, 73.6069
134.118, 109.55
125.486, 96.8395
117.622, 92.2259
117.389, 95.6312
106.892, 76.5557
110.976, 104.072
108.036, 83.7833
117.09, 98.0199
226.168, 222.733
185.6, 167.276
144.13, 115.108
136.367, 130.699
111.105, 90.9797
116.479, 99.8309
131.86, 113.6
148.839, 118.078
129.737, 119.161
103.609, 84.6781
130.511, 123.27
223.631, 208.963
130.864, 106.14
125.882, 91.3594
164.85, 121.1
139.192, 123.438
161.003, 147.903
109.439, 86.719
175.075, 149.281
107.548, 99.8797
173.034, 157.223
120.488, 107.103
112.077, 87.035
152.408, 130.814
106.29, 81.872
138.968, 119.472
109.522, 92.0846
138.874, 125.976
118.224, 112.348
122.124, 91.3665
102.285, 77.3799
158.425, 131.339
137.666, 102.703
101.594, 85.0867
140.707, 127.778
104.36, 85.2148
146.871, 121.49
108.333, 93.2622
527.814, 502.992
470.907, 445.584
101.276, 93.2129
120.721, 92.0961
140.103, 104.118
125.535, 92.5892
104.364, 94.8136
139.772, 109.082
102.347, 87.1445
144.265, 129.909
100.987, 90.1532
144.282, 129.509
155.262, 133.747
110.777, 94.5105
105.556, 90.4905
111.578, 100.492
158.73, 151.171
167.877, 142.27
124.763, 99.3954
121.763, 118.388
116.11, 102.441
142.376, 115.778
131.009, 122.036
128.434, 97.2964
107.441, 88.6221
155.037, 134.432
125.202, 90.3987
112.992, 81.9077
110.29, 83.5693
129.379, 103.944
134.764, 99.7891
114.981, 95.4552
135.087, 113.13
108.689, 96.6724
115.967, 101.575
141.173, 111.077
120.705, 91.5082
114.639, 98.8468
136.172, 121.281
120.635, 97.2329
129.51, 111.081
106.098, 94.5426
