# maxneventsperjob:10000000
# tune:14
# beamidA:2212
# beamidB:2212
# eCM:7000.
# switchoffbhadrondecays:true
# pTHatMin:80.0
# ISR:on
# MPI:on
# FSR:on
# jetR:0.4
# trackPtMin:0.0
# trackEtaCut:5.0
# HFPtMin:0.0
# jetPtMin:100.0
# jetEtaMin:-1.9
# jetEtaMax:1.9
# jetAlgorithm:antikt
# jetReclAlgorithm:CA
# process:all
# eventSelection:cc
# hadronization:off
# zcut:0.2
# beta:0.0
# qhatL:4.0
# L:4.0
158.815, 141.29, 0.930276, 0, 1, 258.081, 162.252, 2.73583, 0.397708, 0.0702304, 6.37488, 1, 1, 238.975, 149.389, 3.9097, 0.451513, 0.105516, 8.91527, 1, 19861.2, 138.443, 3.51455, 0.432435, 0.091647, 19859.9, 248.184, 155.7, 4.35519, 0.471734, 0.112663, 11.3823
108.141, 98.8853, 1.38681, 0, 1, 117.024, 109.554, 2.66361, 0.186845, 0.158409, 7.83133, 1, 1, 115.551, 107.668, 3.33449, 0.205617, 0.18717, 9.61447, 1, 6451.49, 98.6791, 2.47736, 0.168889, 0.143504, 6450.63, 115.551, 107.668, 3.33449, 0.205617, 0.18717, 9.61447
141.998, 115.434, 0.911784, 0, 2, 118.413, 62.8493, 0.517224, 0.291292, 0.0413023, 3.49179, 0, 2, 117.963, 62.6882, 0.511369, 0.28786, 0.0413334, 3.49986, 2, 7280.11, 55.598, 0.453532, 0.28786, 0.0300617, 7279.36, 248.369, 133.46, 3.94036, 0.338111, 0.132934, 11.9956
106.576, 97.8589, 1.10296, 0, 2, 109.605, 104.016, 6.88903, 0.279105, 0.315369, 15.6821, 1, 1, 113.97, 106.576, 6.97898, 0.275648, 0.322343, 16.2818, 1, 7127.08, 97.8589, 5.95772, 0.244017, 0.313123, 7126.33, 113.97, 106.576, 6.97898, 0.275648, 0.322343, 16.2818
107.398, 99.2337, 0.930133, 0, 1, 204.467, 106.794, 2.77317, 0.378876, 0.109681, 6.49909, 1, 1, 197.961, 105.011, 2.59061, 0.358496, 0.108126, 6.24201, 1, 19962.3, 98.6466, 2.40135, 0.348752, 0.0229014, 19961.5, 203.25, 107.398, 2.92596, 0.375138, 0.116529, 7.24037
102.9, 81.2245, 1.13765, 0, 2, 122.515, 78.6157, 2.94255, 0.384343, 0.15361, 6.78922, 1, 1, 145.752, 93.5969, 3.71066, 0.413261, 0.163035, 9.60064, 1, 7051.66, 79.1793, 3.2949, 0.413721, 0.167068, 7050.58, 142.641, 91.3217, 3.62817, 0.481732, 0.159265, 9.06641
105.916, 80.1763, 0.945883, 0, 3, 136.441, 77.6572, 0.672364, 0.45689, 0.0347742, 3.29988, 1, 3, 114.6, 64.8111, 0.55941, 0.492439, 0.0345226, 3.2022, 2, 5847.65, 57.6969, 0.498005, 0.492439, 0.0111525, 5846.76, 153.991, 86.5732, 1.3168, 0.391499, 0.0628669, 6.0778
113.189, 104.402, 1.10507, 0, 3, 201.32, 110.89, 5.88025, 0.317652, 0.237453, 13.0308, 1, 1, 206.964, 111.777, 5.74632, 0.305801, 0.235827, 13.0119, 1, 22620.6, 103.872, 5.29923, 0.301322, 0.175321, 22619.8, 206.964, 111.777, 5.74632, 0.305801, 0.235827, 13.0119
120.601, 114.103, 0.959489, 0, 1, 277.871, 120.664, 1.2017, 0.273176, 0.0503742, 4.31324, 1, 1, 277.976, 120.474, 1.20047, 0.272902, 0.050438, 4.31287, 1, 44513.7, 114.084, 1.10822, 0.261982, 0.0185657, 44512.9, 277.976, 120.474, 1.20047, 0.272902, 0.050438, 4.31287
125.726, 117.313, 0.941028, 0, 2, 145.417, 126.19, 2.41099, 0.377704, 0.0810301, 5.85664, 1, 1, 142.595, 123.357, 2.37069, 0.379966, 0.0813197, 5.7795, 1, 10214.3, 116.876, 2.23331, 0.374291, 0.0407092, 10213.5, 142.595, 123.357, 2.37069, 0.379966, 0.0813197, 5.7795
168.046, 144.42, 0.973279, 0, 2, 411.045, 139.47, 2.21102, 0.466344, 0.062884, 5.35578, 1, 2, 398.888, 134.693, 2.23467, 0.455627, 0.0669437, 5.40417, 1, 77248, 134.886, 1.8153, 0.426807, 0.0465293, 77247, 438.851, 146.234, 3.0199, 0.505171, 0.0814256, 8.63068
111.319, 100.748, 1.10456, 0, 1, 231.821, 109.685, 7.01325, 0.257415, 0.327576, 16.3915, 1, 1, 233.265, 109.352, 7.00663, 0.284739, 0.309438, 16.1622, 1, 29535.2, 100.396, 6.13414, 0.253257, 0.309643, 29534.5, 233.265, 109.352, 7.00663, 0.284739, 0.309438, 16.1622
147.323, 117.774, 0.946635, 0, 2, 288.113, 94.0717, 1.68062, 0.290239, 0.0867899, 4.96304, 1, 3, 284.326, 92.5445, 1.64782, 0.302468, 0.0843525, 5.00272, 1, 44908.1, 115.582, 3.48251, 0.360403, 0.109072, 44906.8, 359.835, 118.996, 2.19349, 0.23901, 0.102462, 9.53502
171.618, 151.817, 0.951934, 0, 1, 398.946, 172.72, 4.00044, 0.413651, 0.0955052, 8.67511, 1, 1, 350.773, 149.71, 3.16429, 0.444423, 0.0858395, 7.48998, 1, 45924.5, 145.892, 3.14509, 0.40758, 0.0746403, 45923.3, 378.755, 160.008, 4.10741, 0.485401, 0.10183, 11.3668
109.813, 101.002, 0.912863, 0, 2, 145.601, 106.498, 0.750425, 0.245308, 0.0374257, 3.89763, 1, 1, 145.62, 106.372, 0.750548, 0.245332, 0.037469, 3.89763, 1, 12420.6, 98.97, 0.698319, 0.245332, 0.026738, 12419.9, 150.496, 109.813, 1.13487, 0.269568, 0.0514398, 5.55203
265.151, 231.433, 1.04703, 0, 2, 230.944, 147.167, 9.85464, 0.496004, 0.213855, 19.9369, 1, 1, 459.741, 265.151, 12.4364, 0.321169, 0.208345, 35.4872, 1, 38454.2, 231.123, 11.3858, 0.357658, 0.180618, 38452.1, 424.749, 248.078, 11.9305, 0.35437, 0.205811, 31.2442
103.294, 83.1789, 1.12922, 0, 1, 96.8936, 95.9337, 0.94558, 0.0948947, 0.113322, 6.02861, 1, 1, 96.7128, 95.4034, 2.58133, 0.287863, 0.131474, 8.4046, 3, 2727.4, 57.1937, 0.770168, 0.137651, 0.00528816, 2726.78, 96.7128, 95.4034, 2.58133, 0.287863, 0.131474, 8.4046
181.442, 158.011, 1.24397, 0, 3, 91.4348, 46.361, 4.57218, 0.227385, 0.366384, 11.469, 1, 1, 404.39, 180.432, 13.8385, 0.31663, 0.370631, 32.744, 0, 24782.5, 157.312, 4.32038, 0.0901506, 0.271318, 24780, 317.879, 149.918, 6.47468, 0.130723, 0.41597, 21.1673
104.376, 81.909, 1.06755, 0, 1, 234.047, 103.618, 8.53311, 0.511625, 0.325045, 17.3326, 1, 1, 242.376, 104.376, 9.00119, 0.516979, 0.336358, 22.0869, 2, 11239.9, 66.8518, 4.44846, 0.382286, 0.102319, 11238.9, 182.913, 80.0919, 6.11884, 0.417672, 0.320859, 13.2994
113.237, 103.603, 1.06631, 0, 1, 193.212, 122.497, 6.39566, 0.480186, 0.210416, 13.1487, 1, 1, 176.309, 113.237, 5.49493, 0.392348, 0.205613, 11.7675, 1, 13743.3, 103.603, 5.05113, 0.396602, 0.141411, 13742.4, 176.309, 113.237, 5.49493, 0.392348, 0.205613, 11.7675
121.088, 113.673, 1.08062, 0, 1, 141.847, 123.71, 2.40864, 0.224579, 0.110736, 6.79626, 1, 1, 138.378, 119.688, 2.2016, 0.206349, 0.111209, 6.57908, 1, 12340.5, 113.405, 1.98263, 0.192643, 0.0500562, 12339.8, 138.378, 119.688, 2.2016, 0.206349, 0.111209, 6.57908
111.36, 90.5576, 1.37733, 0, 2, 79.665, 67.4366, 3.62206, 0.192844, 0.292761, 9.90759, 1, 1, 140.28, 110.952, 7.71656, 0.395283, 0.291882, 17.4417, 1, 6527.89, 76.3383, 3.02839, 0.169166, 0.0346809, 6527.24, 131.351, 104.634, 6.84252, 0.354116, 0.2897, 15.4724
111.317, 85.9274, 0.813289, 0, 3, 61.6363, 22.0422, 0.510479, 0.177978, 0.0744286, 4.14031, 1, 3, 130.619, 42.5943, 0.757351, 0.382451, 0.0651801, 4.7552, 2, 11060.2, 62.805, 2.66125, 0.403329, 0.0643436, 11058.9, 222.597, 70.8654, 2.29959, 0.421819, 0.12772, 8.60054
232.248, 198.941, 1.26302, 0, 1, 138.554, 138.193, 1.92155, 0.121712, 0.129428, 7.44149, 1, 2, 129.129, 128.654, 1.35782, 0.11335, 0.104527, 6.46118, 1, 9778.55, 122.662, 1.13447, 0.0975712, 0.0496663, 9777.78, 146.939, 146.372, 2.38299, 0.154031, 0.124136, 10.2393
103.168, 92.2603, 0.927714, 0, 1, 115.18, 96.5318, 0.525115, 0.389756, 0.0228159, 3.25865, 1, 1, 115.351, 96.7591, 0.525117, 0.389758, 0.0227618, 3.25865, 1, 6445.78, 89.4028, 0.485194, 0.389758, 0.0225623, 6444.9, 115.351, 96.7591, 0.525117, 0.389758, 0.0227618, 3.25865
128.042, 102.949, 0.83029, 0, 4, 61.7285, 55.4582, 0.732613, 0.26259, 0.0661802, 3.79167, 1, 3, 64.384, 57.9485, 1.23782, 0.482377, 0.0855067, 4.43763, 2, 1784.59, 76.5536, 1.47062, 0.495057, 0.0772969, 1782.62, 133.777, 120.979, 3.50711, 0.368131, 0.124338, 15.4096
103.131, 86.3083, 1.06929, 0, 1, 159.283, 104.715, 8.22327, 0.369631, 0.327384, 17.3095, 1, 1, 159.069, 103.131, 8.33281, 0.352027, 0.339519, 19.2486, 1, 6976.46, 83.5049, 6.46065, 0.341031, 0.0879158, 6975.3, 145.812, 96.0225, 7.73885, 0.384286, 0.332509, 16.5693
110.982, 95.188, 1.09263, 0, 1, 352.273, 112.693, 7.53675, 0.458615, 0.269444, 15.422, 1, 1, 345.677, 110.982, 7.48563, 0.412641, 0.282421, 17.7699, 1, 40862.5, 95.188, 6.34401, 0.431227, 0.244384, 40861.4, 312.302, 99.3034, 6.84947, 0.437267, 0.281483, 14.4525
119.136, 85.1175, 1.16795, 0, 2, 79.3458, 59.1449, 2.2314, 0.410198, 0.129418, 5.46601, 1, 2, 107.466, 77.5805, 2.99153, 0.326204, 0.171903, 7.55779, 3, 3658.98, 58.3553, 2.21028, 0.392194, 0.00549446, 3658.12, 107.466, 77.5805, 2.99153, 0.326204, 0.171903, 7.55779
109.976, 103.655, 0.917285, 0, 1, 193.025, 111.207, 2.41104, 0.277779, 0.108445, 6.33883, 1, 1, 190.569, 109.976, 1.84639, 0.279188, 0.0835693, 5.30244, 1, 20629.7, 103.655, 1.68995, 0.266551, 0.0752512, 20629, 190.569, 109.976, 1.84639, 0.279188, 0.0835693, 5.30244
